Domain Name
bs.com